# Miriade.ephemcc.results
# Request:
# targetType: Planet, targetNumber: 3, targetName: Earth, Diameter: 12756.27 km, Orbital period: 3.65256000E+02 d, Time_Scale: UTC, Planetary_Theory: INPOP13C, Coordinates: Ecliptic, frameType: Astrometric J2000, frameCentre: Heliocenter
# Nb rows: 365
Target, Date, Longitude ("d:m:s"), Latitude ("d:m:s"), Distance (au), H
Earth,   2019-01-01T00:00:00.00, 100  0  4.0968, -00  0  9.7049,    0.983311321,  -3.86
Earth,   2019-01-02T00:00:00.00, 101  1 14.2192, -00  0  9.6188,    0.983304198,  -3.86
Earth,   2019-01-03T00:00:00.00, 102  2 24.6191, -00  0  9.5025,    0.983301264,  -3.86
Earth,   2019-01-04T00:00:00.00, 103  3 35.2109, -00  0  9.3604,    0.983302369,  -3.86
Earth,   2019-01-05T00:00:00.00, 104  4 45.9059, -00  0  9.1975,    0.983307410,  -3.86
Earth,   2019-01-06T00:00:00.00, 105  5 56.6135, -00  0  9.0197,    0.983316330,  -3.86
Earth,   2019-01-07T00:00:00.00, 106  7  7.2436, -00  0  8.8330,    0.983329117,  -3.86
Earth,   2019-01-08T00:00:00.00, 107  8 17.7076, -00  0  8.6434,    0.983345799,  -3.86
Earth,   2019-01-09T00:00:00.00, 108  9 27.9199, -00  0  8.4569,    0.983366441,  -3.86
Earth,   2019-01-10T00:00:00.00, 109 10 37.7987, -00  0  8.2793,    0.983391140,  -3.86
Earth,   2019-01-11T00:00:00.00, 110 11 47.2669, -00  0  8.1158,    0.983420025,  -3.86
Earth,   2019-01-12T00:00:00.00, 111 12 56.2521, -00  0  7.9709,    0.983453249,  -3.86
Earth,   2019-01-13T00:00:00.00, 112 14  4.6879, -00  0  7.8486,    0.983490992,  -3.86
Earth,   2019-01-14T00:00:00.00, 113 15 12.5139, -00  0  7.7520,    0.983533457,  -3.86
Earth,   2019-01-15T00:00:00.00, 114 16 19.6773, -00  0  7.6832,    0.983580872,  -3.86
Earth,   2019-01-16T00:00:00.00, 115 17 26.1344, -00  0  7.6430,    0.983633489,  -3.86
Earth,   2019-01-17T00:00:00.00, 116 18 31.8531, -00  0  7.6308,    0.983691578,  -3.86
Earth,   2019-01-18T00:00:00.00, 117 19 36.8157, -00  0  7.6442,    0.983755419,  -3.86
Earth,   2019-01-19T00:00:00.00, 118 20 41.0210, -00  0  7.6789,    0.983825283,  -3.86
Earth,   2019-01-20T00:00:00.00, 119 21 44.4863, -00  0  7.7283,    0.983901406,  -3.86
Earth,   2019-01-21T00:00:00.00, 120 22 47.2452, -00  0  7.7842,    0.983983954,  -3.86
Earth,   2019-01-22T00:00:00.00, 121 23 49.3436, -00  0  7.8372,    0.984072995,  -3.86
Earth,   2019-01-23T00:00:00.00, 122 24 50.8313, -00  0  7.8775,    0.984168479,  -3.86
Earth,   2019-01-24T00:00:00.00, 123 25 51.7527, -00  0  7.8965,    0.984270237,  -3.86
Earth,   2019-01-25T00:00:00.00, 124 26 52.1395, -00  0  7.8870,    0.984378002,  -3.86
Earth,   2019-01-26T00:00:00.00, 125 27 52.0050, -00  0  7.8444,    0.984491440,  -3.86
Earth,   2019-01-27T00:00:00.00, 126 28 51.3434, -00  0  7.7663,    0.984610188,  -3.86
Earth,   2019-01-28T00:00:00.00, 127 29 50.1307, -00  0  7.6528,    0.984733880,  -3.86
Earth,   2019-01-29T00:00:00.00, 128 30 48.3281, -00  0  7.5055,    0.984862168,  -3.86
Earth,   2019-01-30T00:00:00.00, 129 31 45.8844, -00  0  7.3276,    0.984994732,  -3.86
Earth,   2019-01-31T00:00:00.00, 130 32 42.7395, -00  0  7.1234,    0.985131288,  -3.86
Earth,   2019-02-01T00:00:00.00, 131 33 38.8263, -00  0  6.8981,    0.985271588,  -3.86
Earth,   2019-02-02T00:00:00.00, 132 34 34.0722, -00  0  6.6572,    0.985415420,  -3.86
Earth,   2019-02-03T00:00:00.00, 133 35 28.4013, -00  0  6.4067,    0.985562610,  -3.86
Earth,   2019-02-04T00:00:00.00, 134 36 21.7346, -00  0  6.1526,    0.985713023,  -3.86
Earth,   2019-02-05T00:00:00.00, 135 37 13.9920, -00  0  5.9009,    0.985866559,  -3.86
Earth,   2019-02-06T00:00:00.00, 136 38  5.0930, -00  0  5.6573,    0.986023158,  -3.86
Earth,   2019-02-07T00:00:00.00, 137 38 54.9580, -00  0  5.4272,    0.986182795,  -3.86
Earth,   2019-02-08T00:00:00.00, 138 39 43.5092, -00  0  5.2153,    0.986345483,  -3.86
Earth,   2019-02-09T00:00:00.00, 139 40 30.6717, -00  0  5.0255,    0.986511270,  -3.86
Earth,   2019-02-10T00:00:00.00, 140 41 16.3747, -00  0  4.8610,    0.986680240,  -3.86
Earth,   2019-02-11T00:00:00.00, 141 42  0.5520, -00  0  4.7239,    0.986852510,  -3.86
Earth,   2019-02-12T00:00:00.00, 142 42 43.1438, -00  0  4.6152,    0.987028230,  -3.86
Earth,   2019-02-13T00:00:00.00, 143 43 24.0977, -00  0  4.5346,    0.987207585,  -3.86
Earth,   2019-02-14T00:00:00.00, 144 44  3.3712, -00  0  4.4803,    0.987390791,  -3.86
Earth,   2019-02-15T00:00:00.00, 145 44 40.9342, -00  0  4.4488,    0.987578094,  -3.86
Earth,   2019-02-16T00:00:00.00, 146 45 16.7722, -00  0  4.4350,    0.987769755,  -3.86
Earth,   2019-02-17T00:00:00.00, 147 45 50.8891, -00  0  4.4319,    0.987966032,  -3.86
Earth,   2019-02-18T00:00:00.00, 148 46 23.3087, -00  0  4.4310,    0.988167153,  -3.86
Earth,   2019-02-19T00:00:00.00, 149 46 54.0734, -00  0  4.4232,    0.988373283,  -3.86
Earth,   2019-02-20T00:00:00.00, 150 47 23.2398, -00  0  4.3992,    0.988584484,  -3.86
Earth,   2019-02-21T00:00:00.00, 151 47 50.8702, -00  0  4.3510,    0.988800702,  -3.86
Earth,   2019-02-22T00:00:00.00, 152 48 17.0234, -00  0  4.2723,    0.989021762,  -3.86
Earth,   2019-02-23T00:00:00.00, 153 48 41.7464, -00  0  4.1599,    0.989247391,  -3.86
Earth,   2019-02-24T00:00:00.00, 154 49  5.0698, -00  0  4.0125,    0.989477244,  -3.86
Earth,   2019-02-25T00:00:00.00, 155 49 27.0060, -00  0  3.8317,    0.989710946,  -3.86
Earth,   2019-02-26T00:00:00.00, 156 49 47.5509, -00  0  3.6205,    0.989948113,  -3.86
Earth,   2019-02-27T00:00:00.00, 157 50  6.6860, -00  0  3.3832,    0.990188376,  -3.86
Earth,   2019-02-28T00:00:00.00, 158 50 24.3818, -00  0  3.1251,    0.990431388,  -3.86
Earth,   2019-03-01T00:00:00.00, 159 50 40.6003, -00  0  2.8518,    0.990676829,  -3.86
Earth,   2019-03-02T00:00:00.00, 160 50 55.2965, -00  0  2.5692,    0.990924411,  -3.86
Earth,   2019-03-03T00:00:00.00, 161 51  8.4202, -00  0  2.2833,    0.991173872,  -3.86
Earth,   2019-03-04T00:00:00.00, 162 51 19.9165, -00  0  1.9999,    0.991424979,  -3.86
Earth,   2019-03-05T00:00:00.00, 163 51 29.7270, -00  0  1.7246,    0.991677533,  -3.86
Earth,   2019-03-06T00:00:00.00, 164 51 37.7899, -00  0  1.4628,    0.991931365,  -3.86
Earth,   2019-03-07T00:00:00.00, 165 51 44.0414, -00  0  1.2192,    0.992186342,  -3.86
Earth,   2019-03-08T00:00:00.00, 166 51 48.4162, -00  0  0.9977,    0.992442368,  -3.86
Earth,   2019-03-09T00:00:00.00, 167 51 50.8487, -00  0  0.8015,    0.992699389,  -3.86
Earth,   2019-03-10T00:00:00.00, 168 51 51.2749, -00  0  0.6328,    0.992957393,  -3.86
Earth,   2019-03-11T00:00:00.00, 169 51 49.6331, -00  0  0.4926,    0.993216411,  -3.86
Earth,   2019-03-12T00:00:00.00, 170 51 45.8659, -00  0  0.3805,    0.993476518,  -3.86
Earth,   2019-03-13T00:00:00.00, 171 51 39.9223, -00  0  0.2948,    0.993737835,  -3.86
Earth,   2019-03-14T00:00:00.00, 172 51 31.7591, -00  0  0.2326,    0.994000523,  -3.86
Earth,   2019-03-15T00:00:00.00, 173 51 21.3443, -00  0  0.1892,    0.994264786,  -3.86
Earth,   2019-03-16T00:00:00.00, 174 51  8.6590, -00  0  0.1585,    0.994530856,  -3.86
Earth,   2019-03-17T00:00:00.00, 175 50 53.7013, -00  0  0.1333,    0.994798988,  -3.86
Earth,   2019-03-18T00:00:00.00, 176 50 36.4882, -00  0  0.1054,    0.995069435,  -3.86
Earth,   2019-03-19T00:00:00.00, 177 50 17.0569, -00  0  0.0661,    0.995342420,  -3.86
Earth,   2019-03-20T00:00:00.00, 178 49 55.4634, -00  0  0.0076,    0.995618104,  -3.86
Earth,   2019-03-21T00:00:00.00, 179 49 31.7775, +00  0  0.0771,    0.995896555,  -3.86
Earth,   2019-03-22T00:00:00.00, 180 49  6.0754, +00  0  0.1925,    0.996177729,  -3.86
Earth,   2019-03-23T00:00:00.00, 181 48 38.4313, +00  0  0.3408,    0.996461473,  -3.86
Earth,   2019-03-24T00:00:00.00, 182 48  8.9100, +00  0  0.5215,    0.996747538,  -3.86
Earth,   2019-03-25T00:00:00.00, 183 47 37.5625, +00  0  0.7322,    0.997035606,  -3.86
Earth,   2019-03-26T00:00:00.00, 184 47  4.4239, +00  0  0.9684,    0.997325324,  -3.86
Earth,   2019-03-27T00:00:00.00, 185 46 29.5148, +00  0  1.2252,    0.997616324,  -3.86
Earth,   2019-03-28T00:00:00.00, 186 45 52.8428, +00  0  1.4965,    0.997908242,  -3.86
Earth,   2019-03-29T00:00:00.00, 187 45 14.4049, +00  0  1.7764,    0.998200729,  -3.86
Earth,   2019-03-30T00:00:00.00, 188 44 34.1900, +00  0  2.0588,    0.998493455,  -3.86
Earth,   2019-03-31T00:00:00.00, 189 43 52.1796, +00  0  2.3379,    0.998786107,  -3.86
Earth,   2019-04-01T00:00:00.00, 190 43  8.3494, +00  0  2.6081,    0.999078397,  -3.86
Earth,   2019-04-02T00:00:00.00, 191 42 22.6696, +00  0  2.8643,    0.999370056,  -3.86
Earth,   2019-04-03T00:00:00.00, 192 41 35.1051, +00  0  3.1019,    0.999660840,  -3.86
Earth,   2019-04-04T00:00:00.00, 193 40 45.6158, +00  0  3.3168,    0.999950532,  -3.86
Earth,   2019-04-05T00:00:00.00, 194 39 54.1570, +00  0  3.5060,    1.000238949,  -3.86
Earth,   2019-04-06T00:00:00.00, 195 39  0.6804, +00  0  3.6670,    1.000525946,  -3.86
Earth,   2019-04-07T00:00:00.00, 196 38  5.1350, +00  0  3.7991,    1.000811422,  -3.86
Earth,   2019-04-08T00:00:00.00, 197 37  7.4690, +00  0  3.9023,    1.001095327,  -3.86
Earth,   2019-04-09T00:00:00.00, 198 36  7.6319, +00  0  3.9785,    1.001377669,  -3.86
Earth,   2019-04-10T00:00:00.00, 199 35  5.5770, +00  0  4.0306,    1.001658507,  -3.86
Earth,   2019-04-11T00:00:00.00, 200 34  1.2641, +00  0  4.0633,    1.001937960,  -3.86
Earth,   2019-04-12T00:00:00.00, 201 32 54.6624, +00  0  4.0823,    1.002216198,  -3.86
Earth,   2019-04-13T00:00:00.00, 202 31 45.7532, +00  0  4.0945,    1.002493433,  -3.86
Earth,   2019-04-14T00:00:00.00, 203 30 34.5330, +00  0  4.1073,    1.002769913,  -3.86
Earth,   2019-04-15T00:00:00.00, 204 29 21.0157, +00  0  4.1288,    1.003045902,  -3.86
Earth,   2019-04-16T00:00:00.00, 205 28  5.2343, +00  0  4.1663,    1.003321658,  -3.86
Earth,   2019-04-17T00:00:00.00, 206 26 47.2408, +00  0  4.2265,    1.003597407,  -3.86
Earth,   2019-04-18T00:00:00.00, 207 25 27.1038, +00  0  4.3144,    1.003873313,  -3.86
Earth,   2019-04-19T00:00:00.00, 208 24  4.9045, +00  0  4.4328,    1.004149458,  -3.86
Earth,   2019-04-20T00:00:00.00, 209 22 40.7296, +00  0  4.5821,    1.004425826,  -3.86
Earth,   2019-04-21T00:00:00.00, 210 21 14.6649, +00  0  4.7608,    1.004702304,  -3.86
Earth,   2019-04-22T00:00:00.00, 211 19 46.7894, +00  0  4.9650,    1.004978693,  -3.86
Earth,   2019-04-23T00:00:00.00, 212 18 17.1713, +00  0  5.1896,    1.005254734,  -3.86
Earth,   2019-04-24T00:00:00.00, 213 16 45.8662, +00  0  5.4289,    1.005530124,  -3.86
Earth,   2019-04-25T00:00:00.00, 214 15 12.9175, +00  0  5.6765,    1.005804541,  -3.86
Earth,   2019-04-26T00:00:00.00, 215 13 38.3574, +00  0  5.9262,    1.006077657,  -3.86
Earth,   2019-04-27T00:00:00.00, 216 12  2.2085, +00  0  6.1719,    1.006349146,  -3.86
Earth,   2019-04-28T00:00:00.00, 217 10 24.4849, +00  0  6.4079,    1.006618690,  -3.86
Earth,   2019-04-29T00:00:00.00, 218  8 45.1938, +00  0  6.6292,    1.006885983,  -3.86
Earth,   2019-04-30T00:00:00.00, 219  7  4.3354, +00  0  6.8311,    1.007150729,  -3.86
Earth,   2019-05-01T00:00:00.00, 220  5 21.9034, +00  0  7.0097,    1.007412643,  -3.86
Earth,   2019-05-02T00:00:00.00, 221  3 37.8845, +00  0  7.1616,    1.007671459,  -3.86
Earth,   2019-05-03T00:00:00.00, 222  1 52.2585, +00  0  7.2847,    1.007926932,  -3.86
Earth,   2019-05-04T00:00:00.00, 223  0  4.9978, +00  0  7.3777,    1.008178844,  -3.86
Earth,   2019-05-05T00:00:00.00, 223 58 16.0686, +00  0  7.4407,    1.008427019,  -3.86
Earth,   2019-05-06T00:00:00.00, 224 56 25.4314, +00  0  7.4752,    1.008671331,  -3.86
Earth,   2019-05-07T00:00:00.00, 225 54 33.0435, +00  0  7.4843,    1.008911713,  -3.86
Earth,   2019-05-08T00:00:00.00, 226 52 38.8624, +00  0  7.4726,    1.009148167,  -3.86
Earth,   2019-05-09T00:00:00.00, 227 50 42.8489, +00  0  7.4459,    1.009380767,  -3.86
Earth,   2019-05-10T00:00:00.00, 228 48 44.9711, +00  0  7.4113,    1.009609653,  -3.86
Earth,   2019-05-11T00:00:00.00, 229 46 45.2084, +00  0  7.3762,    1.009835028,  -3.86
Earth,   2019-05-12T00:00:00.00, 230 44 43.5544, +00  0  7.3485,    1.010057140,  -3.86
Earth,   2019-05-13T00:00:00.00, 231 42 40.0192, +00  0  7.3355,    1.010276269,  -3.86
Earth,   2019-05-14T00:00:00.00, 232 40 34.6310, +00  0  7.3434,    1.010492700,  -3.86
Earth,   2019-05-15T00:00:00.00, 233 38 27.4361, +00  0  7.3772,    1.010706708,  -3.86
Earth,   2019-05-16T00:00:00.00, 234 36 18.4976, +00  0  7.4399,    1.010918528,  -3.86
Earth,   2019-05-17T00:00:00.00, 235 34  7.8927, +00  0  7.5327,    1.011128337,  -3.86
Earth,   2019-05-18T00:00:00.00, 236 31 55.7082, +00  0  7.6542,    1.011336239,  -3.86
Earth,   2019-05-19T00:00:00.00, 237 29 42.0360, +00  0  7.8016,    1.011542256,  -3.86
Earth,   2019-05-20T00:00:00.00, 238 27 26.9676, +00  0  7.9702,    1.011746327,  -3.86
Earth,   2019-05-21T00:00:00.00, 239 25 10.5898, +00  0  8.1543,    1.011948322,  -3.86
Earth,   2019-05-22T00:00:00.00, 240 22 52.9821, +00  0  8.3474,    1.012148052,  -3.86
Earth,   2019-05-23T00:00:00.00, 241 20 34.2144, +00  0  8.5433,    1.012345287,  -3.86
Earth,   2019-05-24T00:00:00.00, 242 18 14.3471, +00  0  8.7355,    1.012539770,  -3.86
Earth,   2019-05-25T00:00:00.00, 243 15 53.4315, +00  0  8.9182,    1.012731229,  -3.86
Earth,   2019-05-26T00:00:00.00, 244 13 31.5102, +00  0  9.0859,    1.012919384,  -3.86
Earth,   2019-05-27T00:00:00.00, 245 11  8.6183, +00  0  9.2339,    1.013103950,  -3.86
Earth,   2019-05-28T00:00:00.00, 246  8 44.7833, +00  0  9.3582,    1.013284646,  -3.86
Earth,   2019-05-29T00:00:00.00, 247  6 20.0258, +00  0  9.4554,    1.013461187,  -3.86
Earth,   2019-05-30T00:00:00.00, 248  3 54.3585, +00  0  9.5231,    1.013633293,  -3.86
Earth,   2019-05-31T00:00:00.00, 249  1 27.7858, +00  0  9.5599,    1.013800689,  -3.86
Earth,   2019-06-01T00:00:00.00, 249 59  0.3029, +00  0  9.5654,    1.013963117,  -3.86
Earth,   2019-06-02T00:00:00.00, 250 56 31.8949, +00  0  9.5408,    1.014120339,  -3.86
Earth,   2019-06-03T00:00:00.00, 251 54  2.5374, +00  0  9.4888,    1.014272160,  -3.86
Earth,   2019-06-04T00:00:00.00, 252 51 32.1974, +00  0  9.4138,    1.014418437,  -3.86
Earth,   2019-06-05T00:00:00.00, 253 49  0.8359, +00  0  9.3215,    1.014559103,  -3.86
Earth,   2019-06-06T00:00:00.00, 254 46 28.4126, +00  0  9.2191,    1.014694172,  -3.86
Earth,   2019-06-07T00:00:00.00, 255 43 54.8905, +00  0  9.1147,    1.014823745,  -3.86
Earth,   2019-06-08T00:00:00.00, 256 41 20.2415, +00  0  9.0163,    1.014948005,  -3.86
Earth,   2019-06-09T00:00:00.00, 257 38 44.4507, +00  0  8.9317,    1.015067203,  -3.86
Earth,   2019-06-10T00:00:00.00, 258 36  7.5197, +00  0  8.8673,    1.015181633,  -3.86
Earth,   2019-06-11T00:00:00.00, 259 33 29.4679, +00  0  8.8283,    1.015291614,  -3.86
Earth,   2019-06-12T00:00:00.00, 260 30 50.3325, +00  0  8.8180,    1.015397461,  -3.86
Earth,   2019-06-13T00:00:00.00, 261 28 10.1672, +00  0  8.8374,    1.015499467,  -3.86
Earth,   2019-06-14T00:00:00.00, 262 25 29.0402, +00  0  8.8858,    1.015597884,  -3.86
Earth,   2019-06-15T00:00:00.00, 263 22 47.0306, +00  0  8.9606,    1.015692910,  -3.86
Earth,   2019-06-16T00:00:00.00, 264 20  4.2255, +00  0  9.0577,    1.015784677,  -3.86
Earth,   2019-06-17T00:00:00.00, 265 17 20.7157, +00  0  9.1717,    1.015873253,  -3.86
Earth,   2019-06-18T00:00:00.00, 266 14 36.5927, +00  0  9.2965,    1.015958636,  -3.86
Earth,   2019-06-19T00:00:00.00, 267 11 51.9452, +00  0  9.4257,    1.016040768,  -3.86
Earth,   2019-06-20T00:00:00.00, 268  9  6.8571, +00  0  9.5528,    1.016119539,  -3.86
Earth,   2019-06-21T00:00:00.00, 269  6 21.4059, +00  0  9.6716,    1.016194796,  -3.86
Earth,   2019-06-22T00:00:00.00, 270  3 35.6621, +00  0  9.7765,    1.016266358,  -3.86
Earth,   2019-06-23T00:00:00.00, 271  0 49.6889, +00  0  9.8625,    1.016334019,  -3.86
Earth,   2019-06-24T00:00:00.00, 271 58  3.5425, +00  0  9.9253,    1.016397558,  -3.86
Earth,   2019-06-25T00:00:00.00, 272 55 17.2721, +00  0  9.9615,    1.016456740,  -3.86
Earth,   2019-06-26T00:00:00.00, 273 52 30.9198, +00  0  9.9684,    1.016511317,  -3.86
Earth,   2019-06-27T00:00:00.00, 274 49 44.5206, +00  0  9.9444,    1.016561033,  -3.86
Earth,   2019-06-28T00:00:00.00, 275 46 58.1006, +00  0  9.8888,    1.016605624,  -3.86
Earth,   2019-06-29T00:00:00.00, 276 44 11.6766, +00  0  9.8023,    1.016644819,  -3.86
Earth,   2019-06-30T00:00:00.00, 277 41 25.2540, +00  0  9.6869,    1.016678355,  -3.86
Earth,   2019-07-01T00:00:00.00, 278 38 38.8253, +00  0  9.5463,    1.016705986,  -3.86
Earth,   2019-07-02T00:00:00.00, 279 35 52.3702, +00  0  9.3857,    1.016727503,  -3.86
Earth,   2019-07-03T00:00:00.00, 280 33  5.8564, +00  0  9.2121,    1.016742758,  -3.86
Earth,   2019-07-04T00:00:00.00, 281 30 19.2430, +00  0  9.0336,    1.016751688,  -3.86
Earth,   2019-07-05T00:00:00.00, 282 27 32.4862, +00  0  8.8588,    1.016754328,  -3.86
Earth,   2019-07-06T00:00:00.00, 283 24 45.5459, +00  0  8.6962,    1.016750815,  -3.86
Earth,   2019-07-07T00:00:00.00, 284 21 58.3924, +00  0  8.5530,    1.016741381,  -3.86
Earth,   2019-07-08T00:00:00.00, 285 19 11.0115, +00  0  8.4352,    1.016726326,  -3.86
Earth,   2019-07-09T00:00:00.00, 286 16 23.4070, +00  0  8.3463,    1.016705990,  -3.86
Earth,   2019-07-10T00:00:00.00, 287 13 35.6011, +00  0  8.2878,    1.016680728,  -3.86
Earth,   2019-07-11T00:00:00.00, 288 10 47.6331, +00  0  8.2592,    1.016650884,  -3.86
Earth,   2019-07-12T00:00:00.00, 289  7 59.5572, +00  0  8.2581,    1.016616771,  -3.86
Earth,   2019-07-13T00:00:00.00, 290  5 11.4392, +00  0  8.2805,    1.016578663,  -3.86
Earth,   2019-07-14T00:00:00.00, 291  2 23.3543, +00  0  8.3215,    1.016536783,  -3.86
Earth,   2019-07-15T00:00:00.00, 291 59 35.3836, +00  0  8.3752,    1.016491302,  -3.86
Earth,   2019-07-16T00:00:00.00, 292 56 47.6121, +00  0  8.4354,    1.016442334,  -3.86
Earth,   2019-07-17T00:00:00.00, 293 54  0.1258, +00  0  8.4957,    1.016389943,  -3.86
Earth,   2019-07-18T00:00:00.00, 294 51 13.0098, +00  0  8.5498,    1.016334139,  -3.86
Earth,   2019-07-19T00:00:00.00, 295 48 26.3467, +00  0  8.5920,    1.016274890,  -3.86
Earth,   2019-07-20T00:00:00.00, 296 45 40.2152, +00  0  8.6171,    1.016212123,  -3.86
Earth,   2019-07-21T00:00:00.00, 297 42 54.6890, +00  0  8.6206,    1.016145732,  -3.86
Earth,   2019-07-22T00:00:00.00, 298 40  9.8365, +00  0  8.5989,    1.016075582,  -3.86
Earth,   2019-07-23T00:00:00.00, 299 37 25.7206, +00  0  8.5491,    1.016001514,  -3.86
Earth,   2019-07-24T00:00:00.00, 300 34 42.3979, +00  0  8.4695,    1.015923346,  -3.86
Earth,   2019-07-25T00:00:00.00, 301 31 59.9187, +00  0  8.3591,    1.015840875,  -3.86
Earth,   2019-07-26T00:00:00.00, 302 29 18.3257, +00  0  8.2183,    1.015753878,  -3.86
Earth,   2019-07-27T00:00:00.00, 303 26 37.6525, +00  0  8.0487,    1.015662114,  -3.86
Earth,   2019-07-28T00:00:00.00, 304 23 57.9223, +00  0  7.8530,    1.015565325,  -3.86
Earth,   2019-07-29T00:00:00.00, 305 21 19.1446, +00  0  7.6358,    1.015463251,  -3.86
Earth,   2019-07-30T00:00:00.00, 306 18 41.3142, +00  0  7.4030,    1.015355643,  -3.86
Earth,   2019-07-31T00:00:00.00, 307 16  4.4091, +00  0  7.1623,    1.015242285,  -3.86
Earth,   2019-08-01T00:00:00.00, 308 13 28.3927, +00  0  6.9221,    1.015123030,  -3.86
Earth,   2019-08-02T00:00:00.00, 309 10 53.2171, +00  0  6.6913,    1.014997820,  -3.86
Earth,   2019-08-03T00:00:00.00, 310  8 18.8301, +00  0  6.4782,    1.014866713,  -3.86
Earth,   2019-08-04T00:00:00.00, 311  5 45.1837, +00  0  6.2897,    1.014729879,  -3.86
Earth,   2019-08-05T00:00:00.00, 312  3 12.2416, +00  0  6.1304,    1.014587589,  -3.86
Earth,   2019-08-06T00:00:00.00, 313  0 39.9841, +00  0  6.0025,    1.014440181,  -3.86
Earth,   2019-08-07T00:00:00.00, 313 58  8.4106, +00  0  5.9060,    1.014288032,  -3.86
Earth,   2019-08-08T00:00:00.00, 314 55 37.5386, +00  0  5.8385,    1.014131523,  -3.86
Earth,   2019-08-09T00:00:00.00, 315 53  7.4018, +00  0  5.7963,    1.013971019,  -3.86
Earth,   2019-08-10T00:00:00.00, 316 50 38.0466, +00  0  5.7744,    1.013806856,  -3.86
Earth,   2019-08-11T00:00:00.00, 317 48  9.5298, +00  0  5.7669,    1.013639331,  -3.86
Earth,   2019-08-12T00:00:00.00, 318 45 41.9159, +00  0  5.7680,    1.013468697,  -3.86
Earth,   2019-08-13T00:00:00.00, 319 43 15.2747, +00  0  5.7711,    1.013295165,  -3.86
Earth,   2019-08-14T00:00:00.00, 320 40 49.6798, +00  0  5.7704,    1.013118902,  -3.86
Earth,   2019-08-15T00:00:00.00, 321 38 25.2069, +00  0  5.7600,    1.012940030,  -3.86
Earth,   2019-08-16T00:00:00.00, 322 36  1.9322, +00  0  5.7347,    1.012758630,  -3.86
Earth,   2019-08-17T00:00:00.00, 323 33 39.9314, +00  0  5.6899,    1.012574742,  -3.86
Earth,   2019-08-18T00:00:00.00, 324 31 19.2782, +00  0  5.6218,    1.012388365,  -3.86
Earth,   2019-08-19T00:00:00.00, 325 29  0.0434, +00  0  5.5275,    1.012199467,  -3.86
Earth,   2019-08-20T00:00:00.00, 326 26 42.2942, +00  0  5.4051,    1.012007978,  -3.86
Earth,   2019-08-21T00:00:00.00, 327 24 26.0935, +00  0  5.2537,    1.011813799,  -3.86
Earth,   2019-08-22T00:00:00.00, 328 22 11.4988, +00  0  5.0733,    1.011616799,  -3.86
Earth,   2019-08-23T00:00:00.00, 329 19 58.5614, +00  0  4.8654,    1.011416818,  -3.86
Earth,   2019-08-24T00:00:00.00, 330 17 47.3252, +00  0  4.6323,    1.011213666,  -3.86
Earth,   2019-08-25T00:00:00.00, 331 15 37.8244, +00  0  4.3780,    1.011007124,  -3.86
Earth,   2019-08-26T00:00:00.00, 332 13 30.0817, +00  0  4.1076,    1.010796952,  -3.86
Earth,   2019-08-27T00:00:00.00, 333 11 24.1046, +00  0  3.8276,    1.010582895,  -3.86
Earth,   2019-08-28T00:00:00.00, 334  9 19.8833, +00  0  3.5458,    1.010364704,  -3.86
Earth,   2019-08-29T00:00:00.00, 335  7 17.3896, +00  0  3.2708,    1.010142164,  -3.86
Earth,   2019-08-30T00:00:00.00, 336  5 16.5773, +00  0  3.0109,    1.009915127,  -3.86
Earth,   2019-08-31T00:00:00.00, 337  3 17.3876, +00  0  2.7739,    1.009683543,  -3.86
Earth,   2019-09-01T00:00:00.00, 338  1 19.7565, +00  0  2.5657,    1.009447481,  -3.86
Earth,   2019-09-02T00:00:00.00, 338 59 23.6238, +00  0  2.3897,    1.009207129,  -3.86
Earth,   2019-09-03T00:00:00.00, 339 57 28.9416, +00  0  2.2465,    1.008962777,  -3.86
Earth,   2019-09-04T00:00:00.00, 340 55 35.6787, +00  0  2.1346,    1.008714781,  -3.86
Earth,   2019-09-05T00:00:00.00, 341 53 43.8225, +00  0  2.0501,    1.008463530,  -3.86
Earth,   2019-09-06T00:00:00.00, 342 51 53.3778, +00  0  1.9879,    1.008209419,  -3.86
Earth,   2019-09-07T00:00:00.00, 343 50  4.3641, +00  0  1.9423,    1.007952825,  -3.86
Earth,   2019-09-08T00:00:00.00, 344 48 16.8126, +00  0  1.9069,    1.007694101,  -3.86
Earth,   2019-09-09T00:00:00.00, 345 46 30.7636, +00  0  1.8754,    1.007433564,  -3.86
Earth,   2019-09-10T00:00:00.00, 346 44 46.2642, +00  0  1.8418,    1.007171498,  -3.86
Earth,   2019-09-11T00:00:00.00, 347 43  3.3673, +00  0  1.8004,    1.006908153,  -3.86
Earth,   2019-09-12T00:00:00.00, 348 41 22.1294, +00  0  1.7460,    1.006643743,  -3.86
Earth,   2019-09-13T00:00:00.00, 349 39 42.6105, +00  0  1.6740,    1.006378446,  -3.86
Earth,   2019-09-14T00:00:00.00, 350 38  4.8726, +00  0  1.5806,    1.006112403,  -3.86
Earth,   2019-09-15T00:00:00.00, 351 36 28.9788, +00  0  1.4629,    1.005845719,  -3.86
Earth,   2019-09-16T00:00:00.00, 352 34 54.9925, +00  0  1.3189,    1.005578460,  -3.86
Earth,   2019-09-17T00:00:00.00, 353 33 22.9757, +00  0  1.1476,    1.005310652,  -3.86
Earth,   2019-09-18T00:00:00.00, 354 31 52.9888, +00  0  0.9492,    1.005042284,  -3.86
Earth,   2019-09-19T00:00:00.00, 355 30 25.0883, +00  0  0.7249,    1.004773304,  -3.86
Earth,   2019-09-20T00:00:00.00, 356 28 59.3264, +00  0  0.4772,    1.004503622,  -3.86
Earth,   2019-09-21T00:00:00.00, 357 27 35.7492, +00  0  0.2098,    1.004233109,  -3.86
Earth,   2019-09-22T00:00:00.00, 358 26 14.3948, -00  0  0.0726,    1.003961598,  -3.86
Earth,   2019-09-23T00:00:00.00, 359 24 55.2910, -00  0  0.3640,    1.003688886,  -3.86
Earth,   2019-09-24T00:00:00.00,   0 23 38.4526, -00  0  0.6575,    1.003414740,  -3.86
Earth,   2019-09-25T00:00:00.00,   1 22 23.8782, -00  0  0.9453,    1.003138910,  -3.86
Earth,   2019-09-26T00:00:00.00,   2 21 11.5475, -00  0  1.2193,    1.002861149,  -3.86
Earth,   2019-09-27T00:00:00.00,   3 20  1.4204, -00  0  1.4719,    1.002581240,  -3.86
Earth,   2019-09-28T00:00:00.00,   4 18 53.4380, -00  0  1.6967,    1.002299036,  -3.86
Earth,   2019-09-29T00:00:00.00,   5 17 47.5279, -00  0  1.8892,    1.002014484,  -3.86
Earth,   2019-09-30T00:00:00.00,   6 16 43.6121, -00  0  2.0473,    1.001727650,  -3.86
Earth,   2019-10-01T00:00:00.00,   7 15 41.6157, -00  0  2.1720,    1.001438714,  -3.86
Earth,   2019-10-02T00:00:00.00,   8 14 41.4749, -00  0  2.2664,    1.001147954,  -3.86
Earth,   2019-10-03T00:00:00.00,   9 13 43.1414, -00  0  2.3356,    1.000855712,  -3.86
Earth,   2019-10-04T00:00:00.00,  10 12 46.5839, -00  0  2.3857,    1.000562366,  -3.86
Earth,   2019-10-05T00:00:00.00,  11 11 51.7868, -00  0  2.4234,    1.000268301,  -3.86
Earth,   2019-10-06T00:00:00.00,  12 10 58.7480, -00  0  2.4553,    0.999973891,  -3.86
Earth,   2019-10-07T00:00:00.00,  13 10  7.4761, -00  0  2.4878,    0.999679492,  -3.86
Earth,   2019-10-08T00:00:00.00,  14  9 17.9882, -00  0  2.5268,    0.999385432,  -3.86
Earth,   2019-10-09T00:00:00.00,  15  8 30.3083, -00  0  2.5774,    0.999092018,  -3.86
Earth,   2019-10-10T00:00:00.00,  16  7 44.4661, -00  0  2.6443,    0.998799526,  -3.86
Earth,   2019-10-11T00:00:00.00,  17  7  0.4962, -00  0  2.7312,    0.998508208,  -3.86
Earth,   2019-10-12T00:00:00.00,  18  6 18.4374, -00  0  2.8411,    0.998218287,  -3.86
Earth,   2019-10-13T00:00:00.00,  19  5 38.3328, -00  0  2.9760,    0.997929953,  -3.86
Earth,   2019-10-14T00:00:00.00,  20  5  0.2283, -00  0  3.1370,    0.997643363,  -3.86
Earth,   2019-10-15T00:00:00.00,  21  4 24.1722, -00  0  3.3239,    0.997358634,  -3.86
Earth,   2019-10-16T00:00:00.00,  22  3 50.2138, -00  0  3.5355,    0.997075839,  -3.86
Earth,   2019-10-17T00:00:00.00,  23  3 18.4019, -00  0  3.7691,    0.996795006,  -3.86
Earth,   2019-10-18T00:00:00.00,  24  2 48.7832, -00  0  4.0212,    0.996516116,  -3.86
Earth,   2019-10-19T00:00:00.00,  25  2 21.3998, -00  0  4.2868,    0.996239097,  -3.86
Earth,   2019-10-20T00:00:00.00,  26  1 56.2879, -00  0  4.5601,    0.995963832,  -3.86
Earth,   2019-10-21T00:00:00.00,  27  1 33.4743, -00  0  4.8344,    0.995690155,  -3.86
Earth,   2019-10-22T00:00:00.00,  28  1 12.9749, -00  0  5.1022,    0.995417860,  -3.86
Earth,   2019-10-23T00:00:00.00,  29  0 54.7907, -00  0  5.3562,    0.995146708,  -3.86
Earth,   2019-10-24T00:00:00.00,  30  0 38.9057, -00  0  5.5891,    0.994876443,  -3.86
Earth,   2019-10-25T00:00:00.00,  31  0 25.2847, -00  0  5.7944,    0.994606811,  -3.86
Earth,   2019-10-26T00:00:00.00,  32  0 13.8724, -00  0  5.9672,    0.994337592,  -3.86
Earth,   2019-10-27T00:00:00.00,  33  0  4.5959, -00  0  6.1048,    0.994068630,  -3.86
Earth,   2019-10-28T00:00:00.00,  33 59 57.3693, -00  0  6.2070,    0.993799857,  -3.86
Earth,   2019-10-29T00:00:00.00,  34 59 52.1009, -00  0  6.2760,    0.993531312,  -3.86
Earth,   2019-10-30T00:00:00.00,  35 59 48.7008, -00  0  6.3164,    0.993263138,  -3.86
Earth,   2019-10-31T00:00:00.00,  36 59 47.0882, -00  0  6.3344,    0.992995566,  -3.86
Earth,   2019-11-01T00:00:00.00,  37 59 47.1947, -00  0  6.3368,    0.992728894,  -3.86
Earth,   2019-11-02T00:00:00.00,  38 59 48.9665, -00  0  6.3310,    0.992463453,  -3.86
Earth,   2019-11-03T00:00:00.00,  39 59 52.3633, -00  0  6.3239,    0.992199591,  -3.86
Earth,   2019-11-04T00:00:00.00,  40 59 57.3570, -00  0  6.3217,    0.991937653,  -3.86
Earth,   2019-11-05T00:00:00.00,  42  0  3.9292, -00  0  6.3301,    0.991677976,  -3.86
Earth,   2019-11-06T00:00:00.00,  43  0 12.0700, -00  0  6.3539,    0.991420881,  -3.86
Earth,   2019-11-07T00:00:00.00,  44  0 21.7763, -00  0  6.3970,    0.991166673,  -3.86
Earth,   2019-11-08T00:00:00.00,  45  0 33.0514, -00  0  6.4624,    0.990915641,  -3.86
Earth,   2019-11-09T00:00:00.00,  46  0 45.9045, -00  0  6.5524,    0.990668054,  -3.86
Earth,   2019-11-10T00:00:00.00,  47  1  0.3508, -00  0  6.6679,    0.990424160,  -3.86
Earth,   2019-11-11T00:00:00.00,  48  1 16.4116, -00  0  6.8091,    0.990184183,  -3.86
Earth,   2019-11-12T00:00:00.00,  49  1 34.1135, -00  0  6.9748,    0.989948315,  -3.86
Earth,   2019-11-13T00:00:00.00,  50  1 53.4885, -00  0  7.1625,    0.989716707,  -3.86
Earth,   2019-11-14T00:00:00.00,  51  2 14.5719, -00  0  7.3685,    0.989489461,  -3.86
Earth,   2019-11-15T00:00:00.00,  52  2 37.4008, -00  0  7.5879,    0.989266625,  -3.86
Earth,   2019-11-16T00:00:00.00,  53  3  2.0114, -00  0  7.8144,    0.989048188,  -3.86
Earth,   2019-11-17T00:00:00.00,  54  3 28.4361, -00  0  8.0413,    0.988834073,  -3.86
Earth,   2019-11-18T00:00:00.00,  55  3 56.6999, -00  0  8.2611,    0.988624146,  -3.86
Earth,   2019-11-19T00:00:00.00,  56  4 26.8180, -00  0  8.4663,    0.988418216,  -3.86
Earth,   2019-11-20T00:00:00.00,  57  4 58.7919, -00  0  8.6498,    0.988216049,  -3.86
Earth,   2019-11-21T00:00:00.00,  58  5 32.6078, -00  0  8.8052,    0.988017377,  -3.86
Earth,   2019-11-22T00:00:00.00,  59  6  8.2338, -00  0  8.9278,    0.987821922,  -3.86
Earth,   2019-11-23T00:00:00.00,  60  6 45.6192, -00  0  9.0145,    0.987629412,  -3.86
Earth,   2019-11-24T00:00:00.00,  61  7 24.6953, -00  0  9.0645,    0.987439613,  -3.86
Earth,   2019-11-25T00:00:00.00,  62  8  5.3778, -00  0  9.0792,    0.987252345,  -3.86
Earth,   2019-11-26T00:00:00.00,  63  8 47.5707, -00  0  9.0624,    0.987067510,  -3.86
Earth,   2019-11-27T00:00:00.00,  64  9 31.1729, -00  0  9.0197,    0.986885099,  -3.86
Earth,   2019-11-28T00:00:00.00,  65 10 16.0838, -00  0  8.9579,    0.986705190,  -3.86
Earth,   2019-11-29T00:00:00.00,  66 11  2.2085, -00  0  8.8845,    0.986527940,  -3.86
Earth,   2019-11-30T00:00:00.00,  67 11 49.4617, -00  0  8.8070,    0.986353566,  -3.86
Earth,   2019-12-01T00:00:00.00,  68 12 37.7692, -00  0  8.7323,    0.986182325,  -3.86
Earth,   2019-12-02T00:00:00.00,  69 13 27.0679, -00  0  8.6668,    0.986014496,  -3.86
Earth,   2019-12-03T00:00:00.00,  70 14 17.3050, -00  0  8.6156,    0.985850367,  -3.86
Earth,   2019-12-04T00:00:00.00,  71 15  8.4370, -00  0  8.5831,    0.985690226,  -3.86
Earth,   2019-12-05T00:00:00.00,  72 16  0.4282, -00  0  8.5725,    0.985534360,  -3.86
Earth,   2019-12-06T00:00:00.00,  73 16 53.2501, -00  0  8.5863,    0.985383048,  -3.86
Earth,   2019-12-07T00:00:00.00,  74 17 46.8813, -00  0  8.6257,    0.985236562,  -3.86
Earth,   2019-12-08T00:00:00.00,  75 18 41.3073, -00  0  8.6911,    0.985095169,  -3.86
Earth,   2019-12-09T00:00:00.00,  76 19 36.5216, -00  0  8.7815,    0.984959120,  -3.86
Earth,   2019-12-10T00:00:00.00,  77 20 32.5256, -00  0  8.8949,    0.984828652,  -3.86
Earth,   2019-12-11T00:00:00.00,  78 21 29.3296, -00  0  9.0279,    0.984703974,  -3.86
Earth,   2019-12-12T00:00:00.00,  79 22 26.9522, -00  0  9.1757,    0.984585254,  -3.86
Earth,   2019-12-13T00:00:00.00,  80 23 25.4192, -00  0  9.3323,    0.984472610,  -3.86
Earth,   2019-12-14T00:00:00.00,  81 24 24.7610, -00  0  9.4904,    0.984366093,  -3.86
Earth,   2019-12-15T00:00:00.00,  82 25 25.0089, -00  0  9.6424,    0.984265678,  -3.86
Earth,   2019-12-16T00:00:00.00,  83 26 26.1910, -00  0  9.7801,    0.984171263,  -3.86
Earth,   2019-12-17T00:00:00.00,  84 27 28.3275, -00  0  9.8963,    0.984082670,  -3.86
Earth,   2019-12-18T00:00:00.00,  85 28 31.4263, -00  0  9.9842,    0.983999661,  -3.86
Earth,   2019-12-19T00:00:00.00,  86 29 35.4803, -00  0 10.0389,    0.983921949,  -3.86
Earth,   2019-12-20T00:00:00.00,  87 30 40.4653, -00  0 10.0573,    0.983849221,  -3.86
Earth,   2019-12-21T00:00:00.00,  88 31 46.3390, -00  0 10.0384,    0.983781159,  -3.86
Earth,   2019-12-22T00:00:00.00,  89 32 53.0420, -00  0  9.9832,    0.983717463,  -3.86
Earth,   2019-12-23T00:00:00.00,  90 34  0.4990, -00  0  9.8950,    0.983657867,  -3.86
Earth,   2019-12-24T00:00:00.00,  91 35  8.6219, -00  0  9.7787,    0.983602160,  -3.86
Earth,   2019-12-25T00:00:00.00,  92 36 17.3133, -00  0  9.6407,    0.983550195,  -3.86
Earth,   2019-12-26T00:00:00.00,  93 37 26.4709, -00  0  9.4880,    0.983501900,  -3.86
Earth,   2019-12-27T00:00:00.00,  94 38 35.9920, -00  0  9.3283,    0.983457273,  -3.86
Earth,   2019-12-28T00:00:00.00,  95 39 45.7771, -00  0  9.1689,    0.983416379,  -3.86
Earth,   2019-12-29T00:00:00.00,  96 40 55.7328, -00  0  9.0164,    0.983379337,  -3.86
Earth,   2019-12-30T00:00:00.00,  97 42  5.7737, -00  0  8.8768,    0.983346306,  -3.86
Earth,   2019-12-31T00:00:00.00,  98 43 15.8229, -00  0  8.7548,    0.983317473,  -3.86
